10000
744355
454438
1683723
2674692
1603360
1600807
1511159
62423
1162284
50428
161063
2725601
2317610
2068581
555153
1180488
324093
1700174
2339269
2273129
2648935
2180646
2837740
2816943
334531
2128906
1067281
2025619
873827
1002135
2799143
1618182
1972925
1482866
1809226
1092637
83674
320385
1671412
1762310
887166
1832475
1487911
204776
1417408
2043065
1385264
2257854
1259591
724533
2047335
908527
421531
1885075
725470
1272414
1530333
2309104
298034
2404160
311239
97177
1022343
2800517
2096396
347921
893154
2180070
668307
2564567
942380
2071825
1913394
2946643
2276601
330803
2506060
1178218
2588657
765652
2419103
1635992
1674179
2840635
521067
2916001
1113049
2051400
2741457
1411083
1971912
569049
2024613
2994255
369566
1121009
858529
1779072
817431
1526836
1859991
2276163
1115013
773386
2222806
391614
1104189
1728867
1569832
1209198
2494519
988936
361542
1685050
829571
1398961
2117403
1942620
450361
1858861
870056
2422273
2427910
2894669
2932881
313828
1532030
791410
2092900
2349461
2834598
952892
1625624
949611
2242630
848430
1857577
863171
93649
427410
2072369
2588168
1932698
2433911
1273218
2762269
832872
906974
2221241
1799585
2765835
607649
1738210
2193745
1018670
2187443
2507573
2550700
495205
2116825
2416513
329803
69717
1042137
1795766
2312347
2406920
653344
175518
16921
1597106
2764239
2605090
529804
2714502
1394660
808425
1063726
2301634
546018
379663
2583821
1153668
2634226
1777566
2172338
1821669
1801491
2239391
2316875
918317
1655904
163030
988034
214394
2475149
816734
137666
644845
1508604
154587
2241951
1789196
276029
288107
1503698
2187042
1612884
83777
2005028
2158902
463440
1588850
828922
97666
882768
1261
1919336
2684260
2757004
1752563
1118929
1929260
2431945
2623315
2143654
1907094
440049
2797672
2551939
2465006
468612
2310242
1254202
1260993
2598349
274252
964387
1211233
358029
2969416
886488
821470
2074618
1715410
1435488
473738
2233023
354824
674350
1990027
2623739
1793279
919288
2055685
1416595
579294
962779
2372996
893319
1031071
2354354
1361931
341313
1124908
139276
456015
1399161
1103664
2183600
1757190
1073080
70088
95012
664050
1785499
1530501
1137788
1534874
2401677
2328491
524902
2025417
1121770
1960542
1597454
54717
56188
2560233
2944066
949507
591304
2298420
2827790
1448970
423329
2967067
1904985
2338842
1070731
1088585
1096032
2660163
1675026
1191045
324213
976877
237898
1978353
2511751
2639575
1823196
553005
1664992
461319
29899
262446
516036
86088
339032
976454
1551947
1446688
791227
1379738
412010
1730908
1346805
2316995
1069750
2933888
921933
2165782
2594051
113311
873179
434616
1090188
1111077
2929321
1118291
1267005
1752518
2187649
448349
2213837
2217548
1227148
246225
2303636
1566180
1222680
855584
529220
2530259
2751674
941231
1261167
1614831
774578
2330917
1548719
2212863
2013051
1142770
2326174
2886231
2093738
932714
1513660
2023059
2567358
297017
1291929
1755007
745367
505766
972555
1972515
1268344
792544
1055047
7376
1648128
1584267
2537635
1916154
41850
798802
530985
816429
646071
2079704
545644
2659122
738826
2871819
61705
2832564
1320885
2091718
2371975
888243
2388735
663905
2643250
134102
1686023
1132158
2622969
2954367
1924702
678016
478095
1089182
2778636
15730
5336
2820486
1330884
536321
1153267
1976955
132377
2215264
2152430
871203
2603435
2214135
703767
924320
1822205
592094
2328916
1210941
1255999
2488518
1861395
458375
620676
1484365
412742
2545378
2162381
1407190
634560
2457369
1422920
1156248
2794208
270157
1692569
1463827
2763464
2341298
679091
1915894
212501
282526
1646382
1432620
1206847
468587
2024715
1052115
2195880
797066
540633
1057276
1255441
1161310
2541641
1668184
1223040
2220374
591726
2373953
2194096
2530998
530201
1988304
2801155
2739123
452131
80972
2080421
1131223
1996866
2292923
1930101
1159600
1241895
653300
2144540
266610
1705415
1340420
1063677
2246049
2397696
2319118
407359
2455689
1503654
2146751
2192416
2095380
1520704
1386512
1626379
2050906
374816
1943886
2306381
1343299
2024858
1386802
2990874
1538077
1196077
1920976
214029
2437973
2574276
2358569
2704583
1279692
698990
1284612
1042093
613038
603731
1965804
585080
2623737
1112555
2777496
2235470
2633260
1680360
1378201
2200518
2571528
322087
1506899
914827
2863298
2893701
905702
1401375
1606131
343030
1615404
1044104
2917306
1490326
1265039
1713350
2189316
66004
2755443
2802354
1186087
1721247
387434
809824
2833803
681282
45294
2983415
2361642
1423495
2183933
2449522
2261935
690832
364350
2125233
1100885
1786404
1042960
2707016
2645786
174716
1267472
2563092
1665042
48864
1792795
1370710
114868
1548238
1173065
1300955
785838
2076851
2627131
619641
274486
188778
1119408
152480
2128625
303341
2602003
1390560
994173
2966353
1032145
2611410
2269109
2591457
2318427
1914895
2766174
1102251
1994339
1947568
1151115
787134
318279
1782335
2851725
2007696
83290
637563
1600899
226774
1773556
1875385
415552
2892964
2544218
2544177
196305
2146221
934738
1706830
2628926
2483235
1318240
1898035
2074693
1153019
1329282
2357219
2771623
323621
1304787
1439090
1627108
2139418
221426
1478833
1663466
821068
2632748
264366
1047842
1922656
2656103
1463394
1815620
2200321
1007572
2528277
1862894
2458662
1751459
1491820
2458249
69699
906207
1532942
1739071
2235489
1406513
1510694
75463
2711301
466136
2218923
2367071
687562
1214108
1030538
1508631
846856
1811256
2556473
2769512
1983711
1536220
2101484
1700385
60144
2146113
563279
35158
897572
2055100
2493407
967271
477659
1542702
222694
229501
2949215
2249740
304964
176868
2715877
40239
2543940
403439
1254347
1090830
2428422
2617555
418438
2501248
2903419
2402149
1553820
2521255
1102534
1613964
1667368
2182166
1649122
2564940
1237266
1658881
1048563
2231277
201583
1271258
2460778
667151
1037350
2765742
844019
753227
322333
904311
1673019
2093032
1995141
1617793
1710587
2413579
1119041
2130358
2332081
2672861
1651613
434615
1803177
318981
2616781
452299
2883921
1370399
2627533
932485
601677
345468
2720095
62455
1012619
757445
344550
1856639
2027025
1183235
2760950
700044
276268
2272444
2317837
1986855
1686023
953231
1117214
1018104
626092
285179
1969072
2429270
604161
2102205
397921
1004434
988957
541806
1936919
1590634
887275
1657014
2169441
1899894
2930812
30343
756533
1957837
1213579
1033836
174233
1489847
306280
2492070
993054
2508655
445301
2626620
1043112
1587746
2911800
12184
1017016
515961
2630741
1931289
2036747
619698
2473096
973667
2726684
360371
147033
2412478
2776617
594197
2442821
1049503
2552034
1172752
2083339
2726267
2662599
2905971
2734690
1172006
2414626
179991
798626
457738
2284089
1226778
986274
817457
1742739
617016
2748747
1295839
1753066
2738195
2269506
1479751
614918
2932891
892229
391535
527089
851402
1957390
595475
2024155
1040729
321743
2203106
946700
56433
375112
877679
752776
1690091
1335417
36866
2916869
2838044
854323
2175961
971412
1119422
471800
2724478
857617
257658
1204229
1988887
190549
2612810
2896775
1233990
464213
1854165
1829466
4720
411247
2151209
2207826
1874299
2723994
99291
2751978
993122
1789382
1603748
1029988
2222603
1441792
2400664
1398564
2413204
1036438
1870364
2654034
2410408
2128022
858264
1399295
2834924
987426
1296070
1068914
1451639
666588
2898380
1972711
1077835
2565941
1180538
2952134
2289935
1796181
220465
283058
585563
1824213
1829398
2808166
782357
1746414
1723083
711913
2782853
1109799
365947
2193261
754174
1740563
1108908
589098
2727990
2404979
1658012
1695981
587919
2072745
668693
1665754
1638686
2365583
2134240
1444974
1161764
2354705
2244384
2263679
1695270
1073782
2588197
2477627
2820197
1311280
705892
119402
2421080
1588192
2312663
175254
328755
421571
764352
573097
342902
2938716
2269079
930821
2527813
454124
112927
1682852
2819707
2247168
127826
1497823
1601873
2372210
761502
297144
962344
349699
291123
782541
1660980
1513368
1418295
1598412
101560
730958
1773666
430315
1668882
54370
1003413
2011784
509438
788844
458958
553604
1242968
571885
2236456
1579027
2819053
2364282
76850
1937279
2252844
838352
2750775
215188
1704403
558250
1514082
881735
2071618
2932377
2480147
2173178
1179688
1770165
119846
2848570
2340887
1639611
1860354
366678
2944807
2319312
920282
1187775
2891198
156738
283154
226603
37372
876356
2163882
2290216
2231060
1914657
21756
935463
2472908
1535838
1817199
1544526
1468216
1813698
1234057
2647904
1100216
1870255
12826
441103
509866
1873180
1324133
454673
1708845
2244415
2158800
2116395
2917505
2958306
2342998
471229
834662
2023233
277797
65722
937890
299554
1517537
927150
1835392
334736
2988029
819960
2664787
1738438
984216
765003
608693
997042
1722458
1118559
386575
46592
2089584
2611772
2807359
1764736
1728167
241217
1723042
1587517
712446
2557704
610750
990244
139778
2064993
1289798
1657315
2992143
641542
1992052
496524
1461503
2173191
2234962
2962071
454546
2843655
959114
2177004
1478566
1862041
2739948
1084502
1473813
2547308
2849238
201980
304877
1572280
2305849
1017323
1646336
2916600
2523919
1786114
2497945
1330069
443430
6440
1971612
2951834
502965
949467
2125025
254279
911538
2579571
97935
2387004
2272927
2092853
1249045
2012876
177356
2722858
2076536
26594
441190
2381413
2115227
2747040
398736
761563
179992
439008
2547678
2677937
1769077
507460
2684377
740689
459294
703694
1690156
2584319
957974
118047
2680242
1572261
21403
1953169
665114
1270449
966045
1358822
1509659
42581
1901769
2467202
2940346
1016996
2730594
339083
2294911
426938
1294443
2358941
621227
63520
2866401
305604
804210
325695
1525651
10718
2910014
2483625
645117
106608
1055886
666521
2059778
2237352
2453322
542175
596175
962981
1101109
2497944
946535
1041455
1031292
677129
1896890
326203
1104067
191333
2685145
2241646
254854
2551546
2547251
1575416
2877242
1589254
2102486
303608
1072879
2747604
926569
2645117
414125
2986347
1882469
2867447
1044874
2994996
1346780
2145983
9292
2293316
703791
1040584
486797
2600681
1883140
2107217
308367
2084637
1348863
1079573
1636183
1412466
2654989
2029777
1720
1757475
2849738
1590951
1505079
776307
1236068
2435556
1279006
634890
2819355
2840232
629886
1166136
1986216
639179
975804
206359
2196115
1978953
323392
1079255
1086170
631759
163892
2951386
1711332
2316428
1363852
1882673
1346205
1881925
640149
1712295
472876
2661580
4954
1708945
2613489
1283960
2343835
2432844
1124193
490073
1115332
626761
1129252
2607488
1349472
325368
1586442
1672864
1404623
2672612
2820976
2084868
140350
2048660
1401296
1504203
931334
263853
902480
2087835
1976149
1375356
2265767
1981103
600653
1879256
781416
460840
1828453
1905609
950914
2943785
48722
2080166
67626
1398194
2921886
1654068
71058
1842862
1843032
408386
927730
1983383
2457047
2329026
1003938
388381
2592879
1906418
2476216
2085380
798126
1741983
1066484
1398780
1137592
1847900
1859620
2966045
1269861
326886
426182
1834935
2407053
493808
233129
2845291
2147876
820539
1688153
1507261
1228926
132235
490644
685973
2461261
2010934
1074354
2570493
917352
1066922
2172225
2231830
325257
238709
630610
1462849
2602961
6583
1428894
1389174
333469
2371429
224109
256874
2865237
973590
102166
2529466
1794130
2306671
1036727
539408
2438907
1527371
1225381
2416520
538305
2816087
1987013
1972009
883009
1675591
1203839
1724618
1914300
2350802
187468
2033614
2357385
2132714
939140
207206
1504143
1679602
464081
1369381
2653192
1082599
1415199
1963674
389270
2451926
2503082
2828177
1495649
728463
2244698
2550306
1060902
1748063
1522315
2460263
423654
242506
1184882
2854307
2593308
1372350
2404273
2467045
1021416
343413
2674252
2525560
2023015
654685
1411293
2192560
1737284
2826492
1156234
2642906
2278418
659317
2471084
1290419
1904132
2232134
840725
2965035
980197
2879392
2425298
1403852
121898
1126532
1774511
231559
15234
1178784
2698604
1036651
2038549
2889208
562211
1061565
543893
2489856
770477
2797529
2316348
1926711
2440436
2111118
2586028
1911520
401537
2006513
1660006
1758614
1971548
2640203
1638006
1913198
1560407
1759904
556083
334918
1991463
571317
2030054
2206420
1607968
1068604
2095628
2686531
2646521
155874
2176387
416998
2953403
2009087
2343709
2910191
1636557
2446090
2338063
2038094
1452603
998069
796708
940503
638273
2951066
370053
2715032
1710971
926136
49951
1218786
1497454
2080005
425206
621774
664961
37187
824658
311482
709413
517397
728480
662816
2526485
588542
1089360
1163042
34632
427423
717489
2003587
1425493
2030549
2944090
2580118
1981616
314143
2295150
1208939
1240280
2861453
2427725
254086
2457811
369284
1392212
122772
922823
2216870
950607
1632236
250620
1679087
2811404
2777105
2783981
900764
1456499
2818613
1328188
2690340
1822200
270033
1720890
2282642
2850151
1218858
113138
2661653
2427797
1353418
39459
2371874
2123856
13622
257510
1032420
136394
1180333
765643
1603353
2812569
1016263
798793
2623974
1309720
582774
524738
2766219
401388
2369278
2972912
2739940
2639311
1693802
2022583
5814
429012
2135721
183820
373161
1005491
223279
2745035
645699
236901
2546
1678119
889647
1699231
2960114
2493001
1511801
976377
291794
1652127
2286097
874568
2176865
2568669
1792308
2062496
2541581
2048601
1701807
1235383
1587536
2223974
2180747
1239609
2407794
2553908
2761452
147425
2815295
407151
900678
334193
2601622
1790325
2033425
2561737
1799678
545226
1054466
2607824
2713705
340564
998745
1890570
2909233
307405
1469418
2450814
2356006
687578
1202549
943542
2911552
383296
2183151
2835698
453556
1944603
2983123
268851
2868106
883801
603045
2986081
190478
2636470
64170
2506509
698048
1118636
2630685
411753
1459200
629430
2818675
1884785
1453188
1288094
1335599
809194
1975672
2538148
2269089
2403576
437796
1968592
2239274
891352
1429548
2738749
1676556
1297654
1138902
2795953
1800087
1329380
2948775
1864257
1352241
646823
499246
982927
1574928
1958446
2128709
1909955
843232
581897
714401
2695183
1907444
2690073
2749684
1692885
2610001
703832
661477
1849275
1595185
2091025
2104376
788093
905032
243278
584046
2705119
2089011
532821
2085729
441252
1695996
2584975
1424179
270924
2059773
1069241
2697231
419357
2167490
411633
114541
1074934
618058
380577
2767819
228060
1084409
429297
2593687
195946
36674
1698064
984039
941706
2457694
2084437
1163178
1546705
2617258
248907
1987958
1829606
350234
928489
2100530
2410007
1997730
2314114
345717
1165221
2725747
976610
2756507
343805
1357187
40679
1088217
2441596
469976
681905
153895
1023002
2896321
1137934
1964709
2354015
222372
644239
900721
355982
893146
2888679
2185589
1243380
1333520
1802471
1169739
331251
1116585
1515456
2012824
842332
2492066
1769331
1702490
849253
1810010
2790707
807202
2796338
988964
961097
1335693
885285
2615383
300402
755653
354107
944641
1656374
710090
2354139
2061405
412031
1113871
394925
2730854
2283610
1242528
847440
1315419
771704
2206124
807485
2541036
908614
2173091
1867398
1215674
496645
2180089
2204638
1974094
515782
606276
1589477
1332536
1361929
1943585
2793529
534655
170027
2664020
2596060
1098410
777891
507337
829264
577853
2266218
1676704
1893272
37922
1399181
2700758
95310
2824147
2390201
2479061
1039821
2886846
1659150
760812
1860940
2691284
1367088
966769
1023820
2729017
2910354
1333701
780024
596733
997721
892436
1695143
1775612
1399773
2524408
2353465
1182343
1717464
1763090
1736618
116645
1980200
1831928
2940793
1370401
1827341
1496966
1773599
1002843
2257778
1150891
694127
1141218
2117660
2234299
1386587
2544367
1084352
2166611
657452
2082073
59047
2352596
1374037
1975173
2393356
1243855
673868
1110820
6945
2410486
1227466
1987145
1758767
1684611
873898
586108
697929
163849
1588952
2955708
1314740
2799431
1613278
948752
2033731
2999866
1009471
118083
2682829
1666924
2716509
2741877
1535872
1090546
2233402
929228
2850753
2907270
2040048
2857698
2317757
783866
2361195
1592876
2468477
751445
2178984
682759
915294
1284288
1154819
2230034
1083720
2768097
695139
633803
284315
1704610
1268238
2967145
887886
984747
225374
2423758
2591646
2458776
352986
2442399
2882398
2393035
2816450
2716507
693253
2693997
1309383
678083
445443
1004720
1360842
1360737
2289008
2515661
1107124
889080
2283758
1802263
1522883
2568074
1023225
307474
51571
1911112
1808573
276945
1334870
1400219
252073
2204209
1358971
650823
2113596
1691773
367331
2806849
1385770
2193066
484932
1831213
714138
1845774
708303
3147
1877787
1815427
1408579
1677898
1134042
447815
1762324
2157267
755289
1813895
1068379
2563862
2607192
2919602
1480434
375617
2123811
355757
1026440
1237407
2047530
1910123
1560608
949652
1619542
2045541
297218
2333680
1407667
1005521
2336827
285455
337300
1261759
1963353
1471342
1709574
725677
1144961
2464863
55924
2729693
2545077
2663116
2649295
1541863
38733
2289458
1897620
1581525
1043217
1461502
491649
2603825
2411155
2627543
1649366
2708373
1961223
573386
1230246
1814403
858841
1567546
76162
338546
555240
1785736
1580575
1700201
1766951
1636499
1429894
1828380
1299615
1595541
370244
1854700
884999
2267864
952577
2444568
729367
1960578
2048394
140522
1588121
1214112
365247
549345
1787498
1595493
2363748
162691
679391
2439910
1017589
1234631
1741998
2598164
451184
508949
1234663
1881079
2337329
50630
992972
2707573
2421682
1877972
2491790
374260
1838892
221157
2334838
887286
878031
922960
2617751
1759630
1472305
1405249
355123
1352405
2084293
1550866
792315
101882
301849
2534313
2700047
753033
559614
1451062
150464
2896943
2018045
1143437
120869
1439727
537761
2612659
1813987
2376653
350168
1665178
263940
1228199
2588138
2881691
2987829
1576795
1803292
859304
445552
1403937
2926522
1237867
1505820
228371
1288532
1722219
1497756
1848146
689633
1648221
2261441
2707678
2791658
2898662
1147406
329419
2511321
477745
2706072
377841
2142923
486364
1606040
2247413
884407
2110221
1340560
204052
485877
1786112
1607989
412399
540331
630161
1157122
2345215
2868732
2654879
1709713
558366
1819452
1487507
266044
1611110
1386169
1929802
2456881
1413843
2923900
2679305
1791684
2583175
682022
914077
1830589
1566429
540650
687501
2286833
1026528
2989966
894823
1955279
1046649
2041336
628754
391865
1910069
799985
2617930
2468435
2619437
1105437
250831
1746899
2491607
2180634
1720132
1421802
2104534
1399437
213486
1687709
2597811
1643915
1034650
1680593
2184566
2238504
967426
727446
2744822
2378601
199077
791471
1419938
1344183
1699688
846359
2144168
1317619
314794
2279957
2939408
565625
1026856
2431015
262611
263340
852817
2883497
2179130
1582656
2087559
1776941
226571
638561
457534
2927489
393417
1941313
654935
138239
1319914
854013
1446063
256204
2714548
145751
1102563
1858717
1979722
1933709
1138674
1919131
15687
2681883
1866498
278298
2945223
235668
678148
2640705
1818324
2765707
1417647
2561247
920620
1875181
2488737
1314038
816494
143672
1968629
2652761
1514037
414692
2908965
1228586
560444
1527881
603655
56518
461590
2258681
1975649
477277
1940564
842148
1271928
2402140
1077816
1950076
2042845
412492
2232135
976844
2973739
669107
368378
2462476
1983145
1701224
122501
1468127
1353985
2152890
1882819
1779303
381476
2959615
823536
1501483
16134
1285126
760165
1991783
2278756
217081
350283
550684
135573
1428099
17112
2178419
2356943
2765599
671615
2330683
434706
1039993
1793159
2934204
2741218
2432012
1402331
1095203
1584903
285150
390858
1966379
244766
1214394
467863
260900
15873
1744380
2769035
2294629
1961461
119319
361665
2097035
2063770
378777
1791806
1420714
144376
2463421
1267749
1095434
503415
60908
1029638
760985
9273
2431969
2372540
1594176
233472
2763399
560555
478238
1494145
1544770
1255490
1510018
805502
1540877
804647
2766964
2176548
1682664
2380351
1756671
2061441
1172157
693737
2722169
1151930
1961486
817604
2171697
2538746
2363594
2932682
2548019
1795564
2305223
1142195
2545388
2584974
2219103
539978
1079119
1280225
1795468
2589138
2085728
852697
910137
1852692
29246
2592802
1233043
1785917
2170595
2921552
2479654
1892765
1073482
1957492
226721
245180
1496238
2590315
177862
1044258
1902231
2999437
2186453
1447619
2584411
1405556
1987597
663531
2685782
1299417
252669
2287862
2152115
1679158
1140554
2697713
1788312
2889949
1999982
958908
327853
1995988
368025
1401335
953480
1111098
1646515
2449718
701413
2340730
1010328
119997
2340167
196782
1567616
1924579
2118690
1071566
104462
2320824
2370983
873483
1608686
2039450
2552641
265592
2253515
1340954
671893
1769849
2816214
999746
765837
700591
2917434
2235669
1811689
2080301
1685388
2513102
1421031
212068
2633099
1277551
925202
1717068
718482
43893
2788634
822944
2881069
2675969
1696427
2006108
2231772
1765420
2788052
1485287
622726
976298
255137
955292
2492396
1537326
1655883
2409830
772996
467572
1490132
2974736
2980675
427515
186804
130126
1705066
1112007
2363546
2939900
1672252
2152180
762844
2069673
2344502
2975623
1075781
1576274
2257396
1380186
577913
2880122
2356484
1349402
835415
1848880
403081
2491298
1775063
1176077
2958871
265195
1667165
455898
1209062
2370321
1102376
430481
998680
465923
370381
187284
134455
1649578
2256958
2478957
2141553
849091
1571583
1398949
2229277
2665849
1795424
2102113
1015251
147191
1467346
1934684
2638489
242409
627113
113712
1023956
2294278
1085962
2233018
2180952
2188339
179851
179632
170614
550233
883269
305069
2716163
140227
300379
1857716
1505670
2388314
256666
1251300
2054163
2568442
353413
585767
2715633
2337111
2520451
2870474
2579520
147565
500539
1119828
2958195
1586501
869199
2655499
1291192
1049050
351484
1978158
1599283
1234753
2283228
1831798
1891332
99959
689515
397002
2488273
1462533
1648302
2058789
1030975
2518068
2644556
746608
1855179
2681359
1133434
1951052
345276
1633973
70880
819824
220475
1456431
475323
2028019
2505482
826807
1006178
1621117
2577912
805758
452916
1469244
905717
1142431
1866247
910342
2604964
1030901
2969131
1152291
548969
130039
2415251
2920501
2811399
548685
2387905
673027
2182659
2458785
1492851
2919486
1431569
2484527
1947505
937051
311334
470035
2558168
405599
1275793
527436
1874843
2697862
2186219
1257442
1124557
1791183
2804696
1093688
459826
870017
1740080
2875077
790518
2067831
423763
178423
2740858
2606422
153561
1750062
42260
1585130
1234589
1989765
38533
1545923
2976153
113053
2467874
1768298
640490
1342718
1982513
2826709
116512
107070
2134245
2921208
1717110
110423
791226
457190
2985501
1581744
2525021
409264
2276520
2782232
532038
2946433
1532294
574298
2047915
2766883
80415
2086448
1829158
572920
2715853
1297033
2341219
356343
2639751
1323732
699405
2756263
1430802
350002
193824
147912
460425
985050
1121455
445926
83146
646476
1371542
2359666
945060
2419932
2822451
2477354
2994230
1870366
2244237
590998
1473166
1589748
1163918
1189020
2886781
505137
2061715
42884
2345221
277472
315499
1292375
627474
509323
1440288
1604252
1494373
78095
2050178
2093872
724571
938073
1969890
2185984
358005
1792342
1663338
868588
1179060
1423928
1459586
168579
13676
2623504
1357599
2900457
644994
935666
459693
506567
1213139
775192
1798943
2356965
1800868
755583
961217
811593
833678
527748
2905465
2074601
1982173
2391708
1260585
2340178
1184050
2923924
725118
2879462
1864204
2184704
48041
1877880
2324561
1921992
2294689
485907
2857659
2754382
992474
1587150
1045926
307769
1460467
2846794
1063352
2938037
1174740
2413382
465785
1080205
1487984
2964310
471913
264921
2820840
2172315
705197
545959
2051778
2569401
2730663
2616171
1447281
2571576
1538164
741970
573835
1912175
1012704
1566310
499325
2058631
2390431
1959792
2421777
453784
1897829
596517
383518
2879966
2193075
2387854
360628
181340
2652776
181469
2353656
874325
727428
1921786
443727
974443
1537957
2407360
1062372
592473
665683
1636207
2504648
1678387
718869
3973
1253370
109301
2480118
675148
1079437
1894299
1788017
1462955
2290618
981092
850810
2651246
1162433
1019938
2832715
1032441
1894263
1076495
470579
2337990
2567291
2008536
2261703
629663
2601010
2927386
2265870
2105658
2122125
2984740
2625984
375496
610393
2622454
1566996
1689830
1516753
355013
669137
807371
1852458
1519947
458618
14891
2539885
807685
1563684
1950501
2400533
2034263
1804843
1967824
1559151
1066546
2597487
1160161
1510284
2379709
782172
632410
2880801
924508
1524258
491194
546962
607606
2697376
2580067
1478971
366514
387439
331429
2402813
1362409
862672
2459051
2686446
2426356
1409552
2086979
1460619
214395
1054803
19771
1280942
1168642
1696284
307578
548352
2994808
1456340
945505
1435668
496950
1436700
1982630
1104556
1650428
1562698
2583528
2016942
2466489
431309
1419756
1345250
1293982
878807
1031696
1236690
2804711
118676
213662
19106
1689831
749785
1816400
374826
2962421
2123979
923178
2957230
1096671
2385035
1909250
1593622
1338087
1408233
2698178
2988516
487283
2798058
2521810
2953772
745720
1457918
1299022
2039702
2853077
2847070
792744
2657788
482098
1006406
2676895
2171930
1756191
2009647
2546756
2234965
1649978
986286
2192195
2746650
371321
1617797
1340272
1709409
26030
1554802
2214277
513313
1869213
1736087
983437
2614933
194006
2282459
2170987
47083
2129530
2963731
2704872
2611628
1486490
2898119
2299910
242681
2424118
2363018
2477646
1074097
349304
2186193
820747
1236978
1320343
2677371
462739
1346373
1748525
2677016
2376039
617738
1413103
359476
232671
2123461
158288
2920010
2170545
2287818
2883742
2391769
2415798
1886584
2289888
2232061
2645617
1714006
1595079
2639616
304455
2460736
2342161
1641554
1214066
662504
1318925
1676805
2008878
67451
1870173
1901269
1201541
283276
2260745
1950565
2406738
2419033
1870575
2093635
2223203
2270669
1485404
2155354
1157253
1291644
1387415
802871
522002
498846
442487
826458
475934
2784648
2984364
1690000
963505
1303290
883157
2972383
1887093
2753330
2390004
604986
36607
1650749
2555551
2959697
1069783
1942479
2053332
809338
1213148
1055088
2964692
2886754
2346732
1352107
1205977
385086
2367306
2164816
1727896
2843240
1949464
1712261
1533241
2912969
531903
2932750
401704
2418996
2686081
2791708
23982
239040
1958810
95886
198737
28593
2038365
2768421
837931
767865
1339861
1318976
654619
1202945
2671083
2376948
1588031
2554741
1541764
832280
2397982
491229
2544541
1447575
920550
76444
1380325
1838607
11792
1582758
2146667
552126
1821798
1105477
1164364
2536887
1650422
202729
2821660
2488354
1486947
1161521
807330
2657918
2364466
994765
2034867
1468850
549507
576631
2301130
463841
1584212
2362023
2427768
21115
2438467
1324445
1859722
2966611
2907204
1006389
1035089
2245354
2628219
2199454
1782242
1278641
2402183
1603902
766995
889130
281776
2090677
547049
2646242
601795
98268
1631444
1667654
674899
932574
2647847
2259112
810949
2075615
2280227
765768
400060
1656301
732379
823616
179042
1767469
68971
2807261
966923
2367565
1085903
885458
971467
1852898
2290941
1253243
1459928
354342
1415838
2578075
452610
47282
1245729
1127509
1496209
893576
902973
2307158
485543
183200
72927
1401955
2355853
1321658
2225572
2534896
605479
2810895
2342157
1572402
2178460
428060
2974213
666279
2797311
2265154
1919523
1773591
2619496
851713
1351666
72106
898995
2597395
1715967
2911556
490971
2618941
2735067
1492866
318493
324346
2894821
2674347
1646004
2120393
2209243
2251484
1931288
1551400
1340238
1626100
2495813
1314451
2292380
2293124
579605
1211903
1066715
715453
2579968
2934733
787559
478963
2532128
19879
906872
539451
2638820
641939
2032317
2957313
966285
1927138
2631660
128641
1563884
2357255
2380125
495172
908656
720364
2637625
920821
2551167
1930005
730297
130773
658260
2313364
1362578
238228
2248097
2666490
1233543
1780225
2686369
2140415
2836028
2325189
298706
1868345
2282502
1781343
1311835
2430515
1909985
2875719
1787770
1290110
887244
212778
2526826
524869
1133599
2077994
2454874
1863896
2725119
629486
1693612
1604049
867714
941709
1270539
2617609
238286
956908
2274377
74314
798449
2573083
1942659
80952
1870779
770847
27819
780764
646566
1815589
2587226
1533810
2028368
2630405
2575031
678319
1708399
2546257
58568
1949870
175743
1752180
553919
1559809
2693890
2340811
1177419
448528
297719
968148
522843
1096169
1057583
2981854
1693473
2928362
752701
2237644
1225478
1399268
1053233
812705
449430
597953
959462
24462
1792625
184213
2570719
1851193
2134083
2746463
1119725
204354
1822624
1329967
2545165
516395
1778496
359237
1484543
2301339
1971758
2542127
2799545
665231
2986841
552247
419227
1212320
1951515
1472460
2541377
2917297
2586766
500839
2941759
1379391
685052
2512479
746936
335487
2775294
2383013
539841
1597918
712981
601359
2630666
7829
960596
1115209
2825520
2932354
1173688
2625065
1113937
1676882
177312
1533164
2889202
2645179
521976
2946931
2562477
108742
964122
2504236
2004485
1649174
2533067
267773
2501013
2308361
2650787
557206
1422632
880120
1158565
1053298
887949
2119161
2684859
713469
2567867
858548
338534
681804
2535430
1032199
2731320
2940984
677378
253297
404267
756207
878391
1368389
776796
2882877
533915
309863
667002
34928
2618225
317789
592134
1557209
1197909
2267052
2610507
2602210
1902565
2295366
315679
1470433
670266
1170566
2668589
722048
2719117
2399910
663032
912847
169559
1067299
1669055
1564302
2952040
2445851
1447179
485955
2755714
2630534
520883
2890291
2948323
1629370
1447500
1662585
896422
1574359
1264795
2798987
1386078
2096827
1269420
2056344
267393
1454362
2778393
502862
1370624
957777
1415709
2056535
2541429
601116
620837
2493469
46967
2584369
2979425
319034
2214903
1016660
725677
2163226
2646030
2689530
825811
1058804
1263889
2606959
857792
2649967
1703786
2643564
1706312
2487531
1097926
2001057
2990393
2984902
2958834
1922454
2041437
2500263
2523571
2662275
2510085
86890
2246644
2489510
405924
1461547
1022522
1647954
1141125
668553
1337484
2483289
2243709
117725
2090248
101501
2767693
794034
261418
1990357
797917
1875696
991414
1304662
1860599
1466600
227116
902036
1483216
267039
1080663
993301
353930
327307
482811
1276206
1788854
1505333
2924160
446332
2690238
1777996
2929621
2450300
1895722
2019869
2551801
1663415
330255
2813219
1170124
1644524
1688916
2677890
2949186
1065867
1144490
176302
1967903
2627706
959694
48567
621007
1313624
892226
1620170
2589830
197433
641856
30343
643765
848446
1808339
573386
298746
704061
109607
366900
2883828
956214
180119
1053952
2600738
2385387
1248194
2549924
451254
2909037
242578
2935510
2536743
1202272
500429
674103
32248
1392655
2294273
138431
1590088
452481
168774
2750205
1300928
2493465
839943
2116026
713879
949550
2482926
597707
2422116
179398
2168012
2022854
2564785
932558
1572778
532392
841595
2331709
467902
378339
1050333
968331
1568794
1082582
2877338
1379419
1221013
1983779
1831901
1906139
1733984
649181
1399604
90280
281559
2629835
1556182
2764486
743895
978299
2943884
428259
1153
25021
1360817
2090284
557413
2202413
1421993
1025315
97104
2988678
2509998
1665898
1071260
2387337
561669
2808625
1887468
2393570
1714764
1137804
559103
630721
1228084
840663
260556
2784267
1121501
1520803
762566
1065385
1949062
763719
1090406
309880
370355
2164172
2512293
2308700
705839
125749
2297379
215838
1791647
368639
119527
2353316
177265
2006995
2263239
2408381
144799
338694
555454
1889236
1695709
1332363
1673503
2817210
2853166
2952421
882595
1802229
1232492
2489354
2112109
1602848
2169878
2140754
911548
2875717
2266503
208927
607907
1574502
1093919
727434
1444170
1787536
250781
707409
1195917
911933
1562456
1751372
2801169
258165
83735
1991024
75376
2936901
1943445
1474323
2255482
175937
1480029
1367591
2295137
649907
508345
206686
1041977
291200
931965
1649884
1865702
2542236
2377319
309873
1329772
144452
1533634
42042
1572737
96090
2309766
1373906
870608
2393501
881282
1462336
2846754
341079
2936659
2618589
517017
1933041
986180
328506
99300
2010878
535192
1141277
2302078
1983510
2791162
1684133
1525746
2684833
1994006
371871
345637
527640
413913
1918375
1140083
2723679
808633
2010691
2633532
1689916
473027
2996638
2030995
926038
2615227
64364
375431
1117760
392871
474732
644990
1444415
2132361
2947068
944277
1923523
2147553
2986376
2124708
1141559
358247
2470346
2185552
1288512
1905073
841987
1528543
2713706
369030
1162075
1919974
842057
1675065
1467322
2284447
1806645
2048038
176231
2924405
2957261
650963
569395
1918029
2783324
1032815
2862306
2223200
180369
365034
1864260
1838280
1239633
1850958
1540184
2528145
756031
2382171
1056688
986090
2751201
2735115
422416
1109610
1410181
2406090
910410
216826
1454129
1086641
657583
1411390
1737604
1743330
845771
2037280
2776145
708078
1776832
472866
1589464
641093
2311147
2829098
2492051
1367683
2357243
764435
749855
930284
2266877
501056
665399
2689293
2127019
2591932
2095384
37429
325110
1065865
1124070
1499045
2993607
378026
242375
839379
2931658
534873
1547457
1708491
1007739
136921
2865936
835238
482371
2357987
2202922
2839615
638774
2952777
1286251
2905651
970185
2468002
2594945
97204
2576287
2206681
134633
417749
272546
1775055
1916795
266153
2153081
2675522
1105532
2084740
210395
169341
1309583
1218135
822615
1175519
2569725
1304986
1049858
1772647
1660953
1688633
2241776
2947204
1594284
211962
2931559
1705581
825518
2507846
1428614
1476504
2925595
1701160
251559
2358742
2483666
2920993
2034265
589198
2522085
2244660
1274892
831668
979147
2097507
2007187
548873
918845
573397
2321520
2579799
2262030
2079649
43355
1372667
2291611
491266
78248
633481
2999112
1506863
2109985
441060
724375
2877897
2799802
208041
2798890
1834067
1313592
2320975
1595080
2588484
668995
2574227
1685991
192534
123100
121188
765931
2960973
217339
27962
2040622
260695
1916981
1848585
751961
2511581
2482066
1267426
1018444
2108404
1708486
2259172
1986301
2024640
2467213
2301543
858708
780805
2138870
2453788
885641
2807865
2028015
87984
399
2667468
209173
1282682
2628441
426512
1826996
1669063
1203559
743977
1034000
2471873
255559
1032418
739299
1790355
140822
2964137
1565879
2643475
1988777
1033093
1945018
363837
2330250
1083888
2817625
732244
891753
2361993
820228
1408504
2029461
1029401
207539
2174254
1972266
2034535
1359669
175825
294865
2393669
164050
1066776
426087
903349
2857131
1083262
1383838
1939363
726737
372616
488808
2671756
1252805
2819058
1271996
1070431
551302
2163750
948776
1887883
1088606
494589
2917284
1812497
2668843
2405902
847033
1544864
2581728
1658250
1454885
2745778
2725026
1880972
1165480
98509
480586
65670
2037872
1207324
954638
2526680
1395432
2207444
2862091
2667428
277875
929745
2347530
1743003
2817628
952489
2237592
251265
2764986
2422787
2657167
1128371
967651
2755247
2786621
2938888
17378
27999
1819860
1699210
126509
2816799
1764880
2164381
1540475
2719519
2207414
2935907
1926963
2069505
119687
2721190
515602
2983570
1980545
333231
936059
1734489
1100848
1217397
1157276
758015
2345769
2641279
1029615
2648742
2580167
1046993
2676742
1916379
262555
2803251
1733178
2027435
2483984
790005
2263306
2207750
725912
1706621
1277255
1361952
1427811
1792858
1345522
924708
2642441
2797933
2659197
743289
1015330
816473
2017656
877451
974104
47271
1042546
1070623
1610616
719288
2987003
1873171
1038891
2236533
1416959
1039227
26539
680265
246978
1268803
2386887
2040585
2630755
1331050
833443
1492629
2255759
992236
1290562
1914956
1735525
2822245
247782
1269534
1216048
1221886
1833157
2258594
2808862
443774
2977882
312217
2833297
1533125
2548750
1250256
2572353
91641
1930522
2819331
1876797
1833761
1859916
2023904
164811
209712
1032886
2936922
1201948
2323448
1851879
453826
2662045
2616013
1723360
878094
1354251
1072869
653040
1163113
1516643
630923
1475330
1349941
2164048
1540433
2600197
2252753
2148426
2047071
2072084
1025223
1397184
1448353
565480
2078348
1658065
1598366
2015270
2860013
1438166
1383501
830191
1100212
999514
69903
2494658
2870118
1142773
147698
1033231
175768
1294973
2508562
1525709
975374
1565347
1642259
228127
713773
1205682
2300212
2255349
2602867
748565
2820829
1681215
2922982
1419195
1212837
299347
2857361
2596339
1129539
1473925
1112205
1715794
1484935
982323
2858567
1632634
2531907
34336
443959
2556821
2076397
1419333
1122168
1235008
1647461
2352293
2440691
1464025
1607642
2559910
2728942
1428471
1757477
168276
364018
2970314
467623
737732
83005
2113514
2211657
1195211
829309
1212945
2693886
1204228
2845579
2225793
1754916
289538
1782614
831314
2225224
2904782
2066322
1389037
2773428
2023365
2853062
1381070
1583275
98356
325894
340752
266632
689912
827419
1250607
1943996
910424
364122
1672006
2105635
1193431
2884951
1799522
2914011
2730530
1541667
1668928
536420
324282
2500242
277996
745416
2082916
1667033
518844
1106282
1520095
2416267
205909
2134803
2742161
546662
2917787
948425
1374081
1168395
2892422
2800857
1532517
1564428
1906493
242300
1449379
1222367
156311
1696261
2764034
1825239
2749033
604668
1841833
27030
1866437
924750
1694063
2901633
2031032
730511
2317900
2753293
381666
2576413
816307
299454
524839
2706740
1467849
417261
2507598
516718
2498041
1414091
759018
947420
152810
1431681
160033
433196
773273
2909066
1554217
2615106
452448
420654
539856
2662864
838639
87240
393375
672892
2840534
775041
249305
656841
1590847
774144
363582
58696
1707757
387532
1091766
1205798
1801623
2367136
2153218
2470785
798818
2829603
2903981
1572091
2738670
1458198
1187197
707470
2395204
2243406
370334
750196
2846998
763709
1423088
203884
2055103
1672393
860726
645950
2962890
1740660
1220999
1670647
2128192
2312765
2876446
1446167
1679902
2029664
916952
2995072
1859268
1337285
2083515
2114290
311836
787064
338112
2707040
30470
708447
973588
2877469
1988508
2396676
81353
1559963
1069070
1458431
2205914
1031960
715443
943265
2702607
359987
772382
2579053
2322506
2968636
2125070
755810
2963708
1500690
2609448
2047223
1131332
2921284
350640
1469444
144676
381110
2694243
1118265
774931
1682752
514941
1372637
242715
2100363
347420
2964981
648675
1579216
1424598
867635
2455555
2196981
963040
1778062
2165617
88110
50224
2645678
2105152
2659672
2209253
752836
97308
2559893
2222281
241985
2941004
2432876
1360250
1232287
1115628
2391543
121276
1874696
2008259
468697
2356029
2656934
2564265
1296980
524569
2019820
493961
1487610
1314234
175930
2092072
1364459
2821608
1713577
1540483
2030862
2466413
1637792
1590755
2205046
1879777
2048111
1637923
756379
796751
269903
664274
918027
2660951
2672533
1903076
2533333
2329468
1467341
830313
370389
487162
1324274
1857999
2317748
1500204
1466424
1198559
1838165
180001
2739043
869027
162766
1893187
2976134
2367813
1289316
2540598
1522088
2562047
337349
1791991
226321
1255376
1969295
2898855
158453
1502628
2744675
2142146
2332941
115064
145660
1173567
2489416
2463409
190123
1472192
661968
2028288
2168545
917363
413667
2331311
2810550
906154
2215476
1616218
446752
737564
1178265
1300453
45908
1404587
2555829
2015203
1819794
230634
1034183
2080821
2889133
883476
2195885
34793
2057043
2201653
14554
2763518
673845
1192875
2308159
2842390
2626590
238178
2690054
2953493
1144332
1905530
1569711
2107436
159447
2747977
407889
205355
1668916
480071
2736910
1005062
1227057
771093
85883
1116190
1654569
2281768
1667336
1227964
1999774
1681890
991482
189971
391117
815993
32362
17708
1054172
238768
2971201
2714856
2144298
1540912
2338645
2303745
1805241
2746534
25452
474157
742957
2762362
1479219
2486367
1049807
1565102
602557
2704376
1363223
2786245
1448692
879349
1984488
2956527
1069320
2375605
772520
1618034
2393313
2343044
1856802
2880866
2057901
1517453
1421779
1396546
821198
743372
1659432
1363003
1217530
2402390
1125365
213101
1888757
2691525
2294556
7666
2912253
657779
310264
1360946
2053480
2294752
1317473
122800
1670357
2606345
1740835
1580023
1949390
1113989
1460889
1007291
2631442
399020
2920189
968993
1142393
1579621
2331996
2359923
1498363
973713
89376
903472
665238
2383932
1427491
577492
558063
1737755
2454790
2611543
1032507
772263
2734344
2702864
894960
1991531
1799239
2844350
105520
260129
1367993
2736963
659149
1288182
705956
1801542
2867804
554304
1677817
1882519
1528017
1767194
2785992
2709608
1151126
1213483
287100
2225542
2951238
258242
1837085
983745
1546857
2087781
1202961
2441817
1079312
2201
2286168
1701185
262330
654161
1438148
1437831
2458696
2660456
239374
2326500
214760
2433543
1725371
2259129
1200737
1511363
1968737
2868216
2724846
2772189
2093758
192436
30431
930843
1692533
1577288
534977
2895495
1535458
1614289
2897696
821626
315474
676378
1992139
2269974
2630561
1450835
1930430
2869935
1293687
2661542
2303479
19059
1920672
1020568
1530422
1405761
888784
1771621
1694303
498894
2480409
1724734
1946090
1172943
818375
2481067
1068438
2353833
1611708
1482486
691811
1927183
2675216
200302
1713509
2305777
1651138
643940
2692065
461177
821834
2511896
480236
2742506
532464
2527011
1664620
1937601
1814984
358923
2436495
1295393
2600009
1382585
2984688
418384
1380004
1053126
288569
2991713
51964
1496732
1918896
243532
1697035
632405
2549310
864525
1792697
2757727
1325702
130884
2269623
2322291
389742
318439
2365654
2054362
2256040
1180638
2413285
2208888
2992383
2013295
1107825
2977072
2948031
2487830
1546550
752953
2479543
2114867
2249685
1914791
2358399
946720
63548
1907709
1811245
2372598
1665436
136948
2503482
1451411
2975591
2893224
1769851
2341245
1947587
1542243
521883
1877224
1267483
1030618
890519
2891661
1524042
1354903
2379491
70593
2107856
2375386
2185460
1357541
1290177
1543859
2304262
1353725
967921
1631859
1242675
149709
2285159
746157
1601121
2260750
639382
887324
1601995
103321
2429567
2640230
1980545
1213403
670849
387417
1105064
2194891
2258672
484555
2781836
1366528
376293
1967296
2724069
1666470
1027508
2544683
536547
2511781
1692895
1779223
2661490
978054
41732
1262611
238805
1197466
2666287
2357152
1817139
2612207
1997383
797685
825610
184584
1701454
1930674
2379475
960126
2931581
2161312
2843006
307874
1644960
2567075
2490696
188820
2628111
543595
2700601
1321006
2322818
2362092
2299060
2880903
1141055
54217
1078369
807343
2411370
2895509
419550
1925105
1209546
1245160
2109689
427352
692186
2005516
1903830
1140119
1166828
1746836
1964345
328141
1313911
1455041
516961
1458374
1998636
733915
2779380
1837807
96007
2594793
1718710
1753414
165362
313431
2560757
93084
725292
496659
2018189
1934838
2258171
1127878
2878542
2950357
133395
1782372
1606828
1816575
529208
571173
2661068
2359472
2026214
694382
817846
1541203
1428297
1113579
895362
2040656
1224724
130424
1310422
1390086
443855
871180
1483171
1169148
1367839
1017712
620338
1142363
2661943
498881
1092720
311690
2281253
2699549
2644617
2810462
270722
2305686
2169934
2813289
516420
504132
1870844
2461069
1617711
2766206
2018077
2842435
2896630
328499
1748874
856837
1199679
748397
2025985
83871
1766109
162676
1226234
1944404
661557
2835306
2256094
459162
51207
1900712
269624
838282
1722750
2955910
651571
2755522
460043
38767
2216591
2594106
321325
1234668
2952894
217955
1563167
1701768
1591144
279199
2450165
1133482
363070
1732626
1296158
2105656
677031
2474067
2457314
449477
2933229
2508522
2350189
719206
346804
1589291
675116
1514727
1344813
1651511
1553494
1077756
1761970
1874819
2312424
1714864
2609126
1391944
932984
1716622
1671143
383149
2850104
2550565
2632127
1146262
2172573
309158
620329
1629887
758636
553559
1138409
625177
1272765
1485213
2730821
2464233
516292
1591986
1632097
2069786
2669743
394067
1460957
1982167
2625283
1586435
374111
558267
819410
2561606
1457768
669514
2112171
1606247
2332129
1284744
1915406
2952458
2914632
190394
1022369
1569393
1331923
2811486
570959
1062744
2792072
1087251
171083
1424169
673390
2840826
2334588
2650699
2339345
1959871
1753487
2713457
34490
2572897
2791415
2008610
242411
1903587
614857
2574540
704683
46615
43351
1135667
237009
1582072
2705061
2085285
1393559
276020
664381
1701983
1363271
835464
126152
2036661
676290
2977092
2203713
15636
2453315
957200
245445
2487805
530097
36860
2012767
1288860
2456799
2627624
863401
677835
2674240
1423104
1813502
427601
5176
1518563
29238
1915087
1794583
693620
617070
674207
2045436
1259574
227220
2721727
1236666
2430933
253715
1206333
388133
1015512
1210490
918230
1568724
223257
2723443
1541876
2850882
586844
2219711
2525122
2526300
1033213
469075
2531476
68129
498314
1446564
2379064
1191934
2579986
53271
753722
839561
796844
991801
2592579
227777
1245516
798913
1132263
2777380
2009403
2566845
1346105
2232661
2290288
404333
2599895
393484
2624044
2641369
2919784
657257
110444
2451261
725386
608758
1414177
104451
2317044
1510515
674074
70767
2350076
1470918
1062568
2459008
2215048
2824437
257921
347311
118169
2783676
2914156
1980626
2532689
2720797
2384959
2132584
114281
2009003
1773953
34066
182613
2400750
1679
1424351
9508
1415856
2045154
2842905
442723
2719229
430024
2792800
1706499
1492592
2768160
921547
1833381
542433
1785210
1951551
326109
2215719
932177
2858799
1936516
317137
2507735
2050797
2842492
1281689
2084863
25105
682439
2086542
1965809
1208299
1018750
1010963
1567556
1461474
1246544
1997580
1770626
2953044
490173
2055138
1390943
2839906
2597571
176154
1791457
2923680
2908225
239987
298831
1844741
1073476
322919
895538
915968
1604608
496754
1457426
2803399
99648
423235
1528050
1634751
1434198
95607
612577
2680743
2093187
2899555
150139
99712
1954693
1541082
2939619
1552264
2233588
2247428
1992296
2141813
3767
2807480
1502906
1077243
130399
2914797
2509564
2251359
927903
966990
2571110
1027551
1390225
1099160
178654
340775
1194767
791231
537870
804307
1207138
688009
904019
161831
2745444
1359990
2230447
2495384
1123771
1222744
1637198
1643890
1546576
656456
2721134
1676975
571253
2230698
1444686
1499156
714040
1015796
43060
2104265
2114956
221714
2961392
826076
1529298
499263
1630383
2736436
1703624
50754
414620
1449068
1927097
2645067
944453
567220
1384163
98003
2211110
2930739
754459
2448596
2124066
1325713
2195646
568752
341221
2909686
1584548
384281
2530303
1215857
605996
2491696
2041933
2651646
507311
1188668
2388082
2210935
1755774
319054
1176356
1199223
2964122
2637161
1766443
1864637
2735164
1493906
1795377
1005975
942502
1435795
2331688
138149
2004548
2672910
564187
589096
573543
94491
1804953
1179539
102539
1363238
831185
1126202
2551906
735620
337137
1824033
1054674
2029845
23256
1535148
1667006
1789700
399786
1402170
799958
2711515
2408146
1742460
1147310
2256186
2396961
151858
2445448
477501
1257307
18992
1088344
578612
1714883
1190883
1941851
62421
2317085
2010109
1314393
170574
834142
2369067
2200420
857399
1420568
867426
163451
1820354
2785949
963409
2048221
2710447
222221
195531
1966633
135535
347390
1928434
613036
2121049
2463778
1701380
2699661
1695013
408615
1641512
1757434
242052
651622
71827
412626
2002116
2957247
129398
375867
1894167
996825
539318
1230873
1299126
2019079
279094
1009573
2757653
474625
492558
409540
1338367
2420992
1022576
459416
2401122
240308
159078
1096136
1165275
2316942
369922
1407327
484916
958102
2336305
3385
915349
2465704
379252
325868
978881
1434923
1556741
2278007
454002
1835835
803932
728007
2310460
1296490
1137547
1165180
717483
2160123
1624596
634957
2916783
2300026
1731093
1082058
2133321
2617368
2489385
2618237
575470
2342043
2621622
2007171
1807747
517227
2333039
302980
1952150
889780
97339
2406152
2725615
901271
650512
2552427
2197761
1788059
717607
431596
1464535
2858556
1066554
1381318
2674934
313999
2979729
1808255
2931367
2985466
1942845
506837
2327509
2080819
2514008
1651608
2598046
1847047
1954588
1550196
253179
2568279
1472701
2978794
469550
2123213
2531222
183664
1427624
765181
615260
2892159
1140089
2198166
1789830
815024
2512166
1769559
139631
2959885
1755025
2082476
983075
1598887
1679648
1013435
250495
1277694
376835
2721436
344243
630014
2289715
2333296
608809
275618
1972861
656383
459282
400485
1937916
1074542
292645
78006
789061
2082475
893030
817579
1368386
1032661
777464
639763
631490
2276891
2238650
2311138
290327
5498
1105184
667162
2726934
1965779
1297176
2533001
1299075
2422337
2808619
788288
595072
267901
1188774
2532989
1858796
1481419
2610995
164209
1080246
1020377
981788
2448632
2569390
2275604
88395
717232
1552496
2843398
544722
2359175
2848896
2166259
26337
92182
1132038
1839865
2625183
2947466
1778555
2950155
735754
2373627
734408
2440880
2422968
109556
1438651
2550315
273765
35249
570692
1255553
2483881
656435
531158
88629
1890019
2083654
448379
2434742
1442829
813627
2117353
1985518
905809
249391
1341735
1047344
713209
120290
997499
1965316
10270
2248260
1922548
2433238
2357816
361200
1983554
2631582
396449
70598
887135
396683
1243385
1934645
1001664
133405
1018299
1450043
84499
2977480
2263670
2201852
2479350
685831
2451243
821086
1733175
680805
941376
247027
162473
1467998
2495287
2085021
901237
1853103
2446221
2884791
1484685
359023
2955389
2888173
755706
1198775
1822818
1757370
1848532
357470
723765
1933031
334950
503787
1134883
330653
1189618
1102478
1151739
439145
1783283
2609467
686172
1945756
1077466
181459
1547130
1978703
2034563
1509703
2379846
519248
1868726
2335235
407421
2624432
1050362
2746592
1898154
2898894
104062
138271
1831925
439012
642058
2966808
1286017
2348028
1585639
2437756
2787174
368922
2563576
473346
2831031
641042
654806
1894513
136097
205721
404216
2515943
1241321
2272943
2367530
2165095
2413727
417893
1911687
1828234
833139
2015749
1966505
181417
2971113
124916
664577
1257131
2989296
2250216
1211239
2776470
135491
774815
766169
2966522
1415857
1937327
1861035
1551954
2143048
2781603
1584249
384369
2054546
951780
2549464
1468274
1886025
1977503
296508
2719164
993252
2779365
416933
1480718
420633
1081511
2737849
409930
848079
949088
702752
983570
1723904
1468921
1466444
656113
922600
843831
2724420
65648
625435
1308669
966370
2679981
2260449
1032186
1664607
1662826
9690
2477467
1898343
1519294
2773185
2315276
12
193818
913139
2737861
603748
1761219
1203302
1822853
2744789
2927206
808126
1727586
1099671
1730727
2571417
824091
2312727
196852
2132761
795449
393186
1909562
1827636
2574145
1088741
2353678
2051613
2987084
872972
1824798
2302360
872985
2534968
731852
1127198
655069
2493071
2330500
2477922
2754212
2774058
286048
1481798
873730
2533127
1053216
2214173
1845855
1766420
1863286
157656
2159606
1289201
1985292
1733752
2377942
1855322
1301717
2365026
2728295
642867
2183738
1117632
177835
2915590
2244830
832904
2925013
2091683
310826
2679226
2382093
1113227
1677376
772175
1162706
246944
2986349
8561
2013365
1849635
166218
1172971
655188
2667862
423075
33130
1523185
1724792
2914508
1767832
2367659
2098247
401816
61847
2530189
162998
894751
2971555
2254681
1721930
167133
2153127
351509
1844509
2925302
1514215
2091454
428003
2039129
1621171
2277639
2721699
310494
449179
2389561
733570
482310
1429098
2974714
396818
713282
2858726
11417
1115098
436925
57959
1794449
1331676
545866
1049130
569958
712999
202257
921467
73860
643912
2952035
2681666
1071915
1991164
1302837
865906
1712863
2129684
1315086
1618776
379606
2313748
564227
354320
226918
1793861
729398
238336
2908960
1166323
812647
2219761
14352
1358513
268891
584310
2587864
987501
2022130
178076
2147765
1974165
2859743
219680
1481681
1678932
1085587
194544
808616
2917025
2329672
1188222
2230773
2893899
2058895
2457691
1687761
304645
212379
2113073
1987321
1541378
1332834
2001673
416243
2118077
102335
520459
621930
2640817
698536
2769695
1614982
558279
505728
96663
2753563
2107667
807559
562180
2024692
137232
2266754
1771817
547483
1325649
1745860
2235244
2146647
1958240
1864669
1133968
1015970
197503
135641
1432214
2831933
754328
1952673
453863
395146
167561
223559
2010128
725840
729287
2623144
479404
353306
947055
1557936
2377998
1600639
824690
1149815
2148123
2666692
412027
1899719
1813339
2370267
764389
2947307
902590
1478244
599300
2851156
1310177
1353628
2320181
1764041
1748774
2487743
2503952
1275255
213583
749591
1414751
1209339
1102897
2361806
283627
997247
962446
1624670
2663414
626921
1807714
75441
2526640
621053
2962061
291029
1084712
864651
1769274
2200364
715807
595803
553992
552340
2876196
2819119
40083
2380148
1094374
770019
646091
25477
2495710
2265340
2387283
2779338
262587
866081
1920360
2926001
2009354
728074
517795
1535995
1349127
479856
2343376
2950191
1860859
1629002
2150555
93018
2224806
220899
645358
2101002
40018
685442
1997503
1650744
1971813
2643594
1676221
1467523
2425287
1579857
1763213
2687874
2962290
683573
130228
1971645
1411647
648023
1023992
277126
1644231
367368
227317
1021442
2512723
2894224
1114460
1737529
115124
1759818
1354883
671494
2961612
868738
2838591
2449777
1028685
2031164
917301
453972
1127373
2680514
658198
1089664
364088
788426
577661
1775735
1952801
1601653
2052862
1113384
2485373
2796531
2134826
1998096
2690756
249286
1251977
322232
2525457
123213
1510078
3421
991951
1865021
2453199
2020636
896186
370500
2990960
2023559
567366
649159
629575
931454
1437585
1723588
223542
906739
841593
2276404
2020123
326967
2589287
1154950
2841415
2796395
1920588
1609745
118627
1446045
1732958
2145058
1965819
241261
1010079
1419018
2261898
2422617
2305870
2252858
1962529
2873236
2902017
2592104
804691
1855955
1315693
1544585
2762694
2157286
1337341
2299169
605
926628
454119
358373
723024
2374708
1968118
1358003
1337105
1217428
1019413
302924
1458689
2545845
1721942
720587
1968462
1027812
489798
930991
1417401
908167
1039448
2738444
2764122
2871493
1283029
43168
2545131
2620370
2342338
2545737
1063350
312809
420462
1786374
2687517
2388580
660730
1540975
1122360
1680143
1843899
2581049
1225988
1082194
817989
710803
2626358
1307787
1641794
1043759
2732306
197594
782203
12781
69087
2581584
55949
2614219
2201954
2914639
2676308
781657
227449
613122
2568031
431318
518054
745113
1972293
1640414
2941609
1332545
1221463
1683949
2414739
2039452
2394752
2041097
863591
1552899
601209
595898
2266845
1899764
1125031
2335933
1481349
1697332
2466504
1199655
1611972
2659164
1981312
1839421
272286
2065696
2787091
790340
2810809
2275737
2430754
268770
608282
1168569
1952720
23021
208022
1863824
2580470
1587965
933075
698031
2700215
199921
2597796
825246
2535854
1595497
2522579
2518710
2795152
1134551
2177874
1776465
490324
2966512
1358513
793767
756852
1685674
69504
703958
1954445
677786
1872527
1423517
1217159
2596901
287341
1313982
1184867
1220417
2012013
885082
1420338
2126161
2226681
1472544
1238010
1749260
1507606
1033163
400163
685480
325980
1406839
1168344
2200845
2200606
1925196
886519
2270111
145506
2840964
464249
2018033
1264481
1681409
1614935
2068175
2995391
316154
804944
2523756
1201236
2741634
2166270
427917
1730530
404280
2693529
238136
1953795
93692
1439968
2796127
1500531
2608312
1996972
1217490
2049860
2883492
487601
2195366
240808
951850
1213399
2021642
149611
344686
1089817
661354
660840
2411113
701463
2378429
2152747
2867733
322698
883277
788365
16228
1121413
258513
626272
2561381
54640
2643156
2686045
2567965
860646
1735905
2451457
1348247
931271
208617
2816449
2661022
2230259
2966061
522061
836428
627415
1699253
247541
1328878
1594034
2400288
1712963
1916733
283565
17681
2449313
1921330
276194
591937
1999063
847186
235093
1685108
415151
1095739
937365
382960
2960338
2384988
591578
2776788
2562363
2821837
259201
84424
658266
886616
2300029
905807
2731847
894064
822448
1444810
327149
1106013
1462491
2776462
543696
1738685
368399
59111
102224
603493
1744220
517375
2215584
197937
900336
2175923
2582926
1491914
2469063
2661641
1830103
2728264
2746065
2488369
1131232
2562446
910529
863079
456510
1732977
2307890
1300011
355342
770381
1076473
899038
25419
1961225
958150
127643
81070
218722
1161370
2813006
416659
2061706
1988929
515937
1069972
1974344
177578
416428
2218960
439995
2904797
350193
518794
1331678
1213272
1491656
64655
1037514
2791668
419998
1807896
868141
1835388
2349667
345718
309890
2993662
943140
528612
1155032
756147
1461624
733091
261428
2493913
2319415
2235773
187844
2735843
1454733
627839
156993
2321278
1146633
2005023
534551
2638290
2069679
1572065
2946310
6029
896313
1330803
1841417
762332
1676522
2151308
755994
2619662
196272
2427379
375809
2174248
676822
637238
1668162
2996237
389363
1856006
248433
1844096
197
921778
1165375
1663183
2926801
2216278
1817825
2512832
1304695
1764135
2518861
2201009
94938
1876631
2963341
2287812
1544291
1235688
1907475
2256915
663067
2799636
1431164
1856241
953226
99326
2368830
1342589
2471684
2617263
703038
2471881
1055393
2384765
1135064
1498547
1601043
2952889
1011379
2905738
2233376
530241
2623099
2328315
2923224
102793
1616127
1467515
1338481
1039954
724430
2517900
1355943
2155594
1890493
2309169
2771272
1259323
1168111
2242956
1392939
1871149
2231190
2448332
1255914
882606
946879
373309
1351848
2474611
795399
585224
4852
934851
429891
444428
1037644
2562371
1911943
2892477
602325
152725
2926729
1958268
2824672
1817222
1783790
2595944
592897
2951901
2355253
1985836
1823050
2102795
1950521
595316
2985401
2897400
1484977
1337249
2888363
2796728
2438826
2893215
731579
2868717
853995
2285575
2431088
2765938
2694404
549766
435016
2621133
24386
259688
1954707
1808176
371984
2547605
2276429
2727237
1533441
1615831
2346384
483962
2211147
2331786
897715
1212476
1185387
786078
1009205
1140565
1195646
2257136
1009283
2049641
1542712
956723
2331932
1753468
1506489
2766948
1374602
2047228
26636
845661
855404
398620
393266
648186
642210
2443060
2264017
2988594
443374
1991517
2836732
1857441
203993
1538472
159872
1729550
2679037
1871870
986687
1204672
1437863
45751
2161396
769795
1799219
1184237
1053095
690173
231465
1596083
1535835
1603222
2511056
2445453
2251408
669618
1888513
2031777
1174564
2848240
1023294
1011297
1705681
1227288
66121
1865553
2956838
261510
1253775
1459877
1466183
2691639
1505628
1143931
977786
821200
2844520
2030882
1511373
75986
1143317
47208
2195560
654373
9014
1963320
1323991
1897527
995097
14908
2262119
2018392
1542557
967801
762032
1608678
349706
718870
1870188
1603482
2695100
852723
1295121
1200728
1996654
2272907
2021928
1841175
1820141
1049654
2433513
2963459
1096862
2145425
1134184
1622228
1108745
2974528
519756
2620194
2989436
298227
2154938
1531993
1266028
2916970
140671
1615735
1152193
2527211
735569
847293
379935
2030690
2564373
2892941
1819949
2102654
2250468
640091
152308
2200333
1119902
1765522
1345758
2254086
387751
2970855
2744966
1423859
107402
2734402
1722086
2262340
1266395
2988115
2179311
1923418
2120202
847856
1966982
2855771
1695149
2863269
2402813
1775874
272562
1739114
878528
2523031
2895557
1030836
2239716
1015459
2796359
585475
785898
184110
1072682
530864
2124321
1180084
781619
846407
442425
2564366
1350874
138088
1487785
471076
985944
971119
843199
197445
834388
762364
1973319
1623302
2501479
2851848
1146333
2397036
1399036
386050
928848
1195395
1487877
2231098
1895857
76911
2761962
1020178
1256996
543581
2382938
2215773
107948
733812
2353861
2112085
1721241
856157
599556
80792
1053602
1433944
843157
543273
57246
860988
395121
1719932
774376
1794158
2622334
1703224
505905
1626563
934322
2918115
1703474
1212637
1454645
2960470
2272570
837583
2692595
2896870
2087748
2562808
2525307
808989
935317
124863
1406133
2505271
1558807
2765642
48545
2132406
626630
960018
1368690
1917359
270528
991024
1136935
776434
2617587
2587610
1210901
1837413
800247
2665546
2314236
589169
1019482
2006831
486040
107230
1569640
11347
1432571
21309
136211
355056
2526581
2211370
120699
2575126
1860128
1263681
535144
228818
181040
805673
1736194
1317976
2098459
1353781
905586
309360
707547
2222185
491258
21783
2811354
2027092
2028614
297394
2650674
1114606
825094
1599597
1135916
1477657
1954654
662497
689027
2075353
753975
65508
339034
1289119
294326
1036427
2611144
2030521
2354403
2225955
900654
776341
2535315
1608201
2998526
542926
1629984
2809880
2570018
1174951
623627
2737045
2805909
1965073
1336642
1458177
442730
291296
2120674
1648109
2883001
2874649
1713617
738388
1680121
2524296
1774815
1291265
1554817
1645570
517221
2971823
2421911
568888
2096377
2936789
1628166
1242713
263021
1714537
2417664
886648
1451582
2739926
368073
304576
1198103
1327155
595873
835130
2975265
995226
1226131
2205234
1733614
2906252
1729530
1024781
1713870
800699
186703
2747443
772523
124966
832683
2868900
61755
2460850
1627965
841129
1691739
1045630
2244129
659673
1301908
2612203
964249
2500011
939358
1560122
335141
1430975
71701
1561273
636210
2321667
1983877
2365740
862801
697747
682792
1049504
445190
1455315
1690823
1794226
1840567
2268930
1255076
468532
110059
463167
2030514
2354189
1122840
332422
1966392
2087089
348786
422102
1163564
683927
1853078
1235265
2761552
2489288
556932
1745430
2371380
1419733
2959529
54172
2985590
921072
1509487
1676413
2715298
866406
945343
1486726
1851291
1055403
1949893
881805
925944
72733
1730580
2892336
2676174
2079366
314438
839738
279645
2167516
2591355
557550
2173156
664640
2302980
1544537
2600725
2778861
1598709
2586315
699933
624549
1779080
415231
2007307
240776
1901957
858598
1812531
1368202
2256756
2738475
1957287
987336
147163
1633462
583054
977953
2989552
1379051
661822
2580908
1936601
2834978
761900
1755933
1895867
362625
1534795
494577
465293
2234728
1635478
2244373
166312
642785
1501
2584621
1501384
1814032
952824
758140
2068859
2910111
2261828
2216022
2059925
361234
710328
2049478
1740285
1372150
2146738
676887
1723480
2908638
2949172
619348
271263
1483967
1113925
736556
1235048
265755
497282
1401360
908540
1015135
1502333
2926276
345520
2455157
1200768
2414379
2881621
978948
2146754
1941546
1340182
2857082
1507376
80468
1745584
654114
1273707
469064
562752
1222879
1088412
1350368
223199
2718689
2603276
1974599
2984444
616910
892311
892985
1632046
2394644
1335613
1977566
1849802
2536382
1908297
2247775
515330
1571403
1189321
1855513
1944837
2696698
2452333
690421
350812
1242392
1159486
1429917
2981623
2764250
2780285
204822
2482940
2383561
2695773
2467384
516824
588084
876721
2148870
2982729
2728687
1642788
2348883
2265069
551085
1596658
296751
2122489
302331
2152264
1067326
2999029
2120949
2274100
866194
363341
433586
2812463
861317
714188
109100
1582491
197128
9013
1278265
180865
525837
1866349
1573938
2674707
1849078
1302625
1317495
1714313
1084046
2384933
310971
1380798
1507422
613303
1049414
91100
1128684
686716
2365200
2511230
1566409
315138
2840045
2427726
1545679
2949145
1010218
1742807
2958159
2288483
2440024
1000348
1154832
1530315
675056
520263
349292
2508903
2234576
1433339
1893836
61900
330489
917610
1191555
1896255
1525063
2836591
2582971
1406615
2864174
1149381
1721754
2704219
577107
267433
169717
1587325
2526592
127876
1392160
2482969
1644576
2546993
1013284
2319632
583608
1878928
2344888
334536
828619
1238724
396436
1159108
2672687
1587991
55364
1197750
1940935
2638335
2604365
1805109
787716
1842471
1509328
1881176
2626256
1679045
468501
2669201
2323273
1860662
2152170
967850
1924007
681806
803834
23967
77086
148722
358503
905706
1903799
754940
2064814
2092838
2859283
2636530
290588
1800218
2274866
411305
605327
578934
2770129
2631008
2976462
2912737
1826405
961316
2581938
1149679
2821978
2250460
2633881
2262337
448618
954067
2286304
525705
1619142
2644807
1431411
522941
916099
1012577
132131
775383
649108
939071
2575601
440326
1350376
697281
1535612
1636857
328289
1512075
1549595
2154694
2473391
1647885
820725
2811721
898346
970958
2074058
1346964
1925026
1876714
1872669
1060520
2037873
304080
2099813
2953973
1316658
2231944
1245708
2482118
171015
1337661
2922444
2037743
2034942
1458056
674601
2879583
2970131
2740548
2034278
2443522
1388433
371355
2255243
2286779
1342314
1845653
1150096
783692
1238719
22765
2360564
276593
843198
1460377
746918
2676208
692321
1992626
2158326
1379688
330287
2080770
417431
2881582
1055178
1608384
2761165
1025310
1348932
1795443
985184
253718
2683151
756780
56849
1541817
118785
1206945
2841861
1357505
1229711
2202425
2150450
2589261
662802
2897368
2265469
1871475
1889994
1940147
251163
2736633
1537269
1184946
2618215
2592447
309683
2379381
1134109
1658615
1691176
2635646
2428685
1374327
908778
2485535
432496
1027563
692480
274357
2901420
2438543
2476782
2051870
2544156
655936
2465590
1809625
43763
1355584
1266124
811278
1608570
2803393
1996225
1226785
2912193
2305908
606166
1046302
1480875
2813695
1198300
1425913
1188022
2107078
911448
1620519
134642
2120280
2411228
552414
2075176
1888011
2604285
1619332
60299
2069875
945310
104063
941812
2211434
915341
2550382
2531180
427918
777167
2443373
250178
1899686
1006027
2247406
1713381
2204328
673319
417755
1311406
1584767
2554626
1962400
1221399
1965855
2514815
296575
853866
2635452
1915908
1430517
2221679
377570
2050932
679843
2589004
482626
230225
2120184
910544
1523745
2079909
1677075
939783
85937
924481
169516
2290265
1597800
587271
1118023
698919
141898
80424
2436670
2107753
111591
2733246
477971
263395
2165506
2424840
2485074
2543076
1475773
164918
2648432
1958399
911495
1768617
385295
2435240
1364878
2062370
891375
1450815
503203
1060891
1257432
2617355
1648163
2375456
316274
2306413
2972232
269297
1414166
83823
2543
2408489
863570
2684401
1833329
348644
2227477
309102
1029914
1875909
2783853
1941410
1160878
169149
1893002
2525757
2747871
2784378
1492924
251075
845269
2750357
2868430
9784
2642165
701057
2316197
2614397
970354
1246715
214572
972897
655204
1078142
657298
4886
1943138
401127
830340
2973053
2793388
614194
1914463
954267
783343
807465
996376
531214
591843
2489300
782289
1953465
2756009
1167072
1963249
2398174
1868129
1795799
2528923
2838483
42514
2743495
1327732
1214071
1337989
1985030
1218957
281128
2902509
2049297
254181
2695897
179843
2168644
1166516
963186
2976109
2679244
2010753
1084305
2684897
2793042
554122
2440906
1476466
2517371
2355433
344595
1829522
1884356
183078
1872037
2144204
1510810
602460
482193
1012192
2337769
763321
914701
1903418
1017502
1126951
2083262
702498
2809819
46448
1194960
2489064
2573553
2795617
2173961
2882948
349739
1614867
1359414
383462
1486652
1704010
2212985
371009
1887088
1601374
31565
914251
2203834
513758
1926443
2057955
1793432
357497
961373
327286
2000800
44635
1029785
1810619
607436
2224745
1299683
180989
2020362
473644
580289
2886453
2604864
1939704
269915
1091516
643714
2999252
1978877
47154
1600626
2010442
961405
1320812
40553
404201
378767
1833985
761698
1856493
2161271
278850
2417480
707408
2089469
541268
2932153
389153
1238610
2468867
1379149
1818899
2355320
1500365
758603
141588
108234
1402317
140840
2087111
1965824
2257819
1613906
2927229
578631
2170811
331430
1473751
1004796
1609480
846596
682419
1888330
264076
1389828
1494152
805345
1838333
2399657
2560307
1823553
778806
1379206
1695225
2795524
2137810
1836813
2903758
1056479
2494006
2507221
22303
1751825
1121127
465885
2846808
808290
1313667
1836911
2329438
439500
2683507
11858
2327830
463936
1918038
1338334
1785633
1272723
737991
1345940
96276
2033150
2725146
1791502
1828674
2379308
628315
1732432
952140
638673
1239653
1490795
2390498
2877133
1956680
2237307
685423
270348
1074218
14862
709848
1274078
543072
554030
1738014
2977462
2408717
523647
1250185
146708
2385939
1346462
2696210
2627437
654316
1524884
2006746
1798983
773668
475238
2437657
2529674
1966033
1828155
2406807
922714
1581814
608582
1709414
2656033
1139796
2935614
1446463
2199220
1005996
184477
2176682
414713
1224476
943220
1077774
610415
2289682
1290336
237852
460350
2815221
2760950
2259333
1105241
236188
1696990
634915
2718574
1041498
558074
1157640
2623312
1683009
2867054
2795697
339157
319020
1242160
2538378
1841368
1942989
2231412
2772434
683817
174632
1366560
1294232
2980666
2656896
2048437
441016
2988469
2325739
216702
1093711
2561928
2430044
2244978
2796854
471542
319405
954494
611207
2002414
1337900
923256
2341571
1656920
2681769
2396301
1014640
1624758
2144066
787074
2308576
2318698
2669986
1119160
2815717
2326883
683949
773085
2831704
9689
1506139
925415
87969
936184
686746
2884823
1924078
1006151
839317
2535285
524917
2177217
974894
382840
1350489
656663
295494
2881481
2281421
2439560
668556
2106349
2274610
854894
741862
2090327
181777
1425811
379765
13482
1435500
1885904
1455249
2039821
2822088
2658347
1924644
1746167
664498
280313
1797804
1705767
2973882
2772698
2604960
1324371
429361
2900454
1205853
227135
2340014
2390761
2849836
1614624
245655
591698
1221304
943785
2533862
1601069
957267
1485714
486973
2928868
525536
825414
2587216
2966532
87933
768066
246846
1885737
2990186
220728
2174788
2595146
2061452
120501
2495600
267305
863988
1835614
174418
713825
966590
936425
1821875
2704246
1880210
1872089
1305315
353829
357804
2308641
282698
883340
134055
386266
1366224
738340
1670684
1613070
2624077
1660870
2350151
2315217
1772368
1411603
2435719
1267968
2195260
816059
619934
2886030
2046236
2102877
822455
868112
1807123
2702666
256553
112439
56495
614357
2937432
855545
2014049
587839
1758163
380274
1326179
945200
2509696
1466608
122422
1859847
781826
1894791
787802
733897
162759
499414
1549956
1299046
385444
596193
401923
1207900
1980657
2209046
1426918
2753562
2837837
1999765
367920
291621
371663
2898321
879460
2129826
278595
2721991
591378
304644
1188600
713801
2680843
2486778
2608592
984998
220675
2771351
1484412
2286983
1070397
1869857
399528
1988672
594109
2896537
1197719
2021027
2650100
1551908
1020792
534372
1843530
1908807
432693
2722990
1554986
1227641
2444982
2146364
1532285
1149934
2860165
1729480
636712
2468757
2714478
1373739
2756461
1198891
1177074
1343210
585100
1576603
331883
1179209
1989492
2045954
716588
1639592
597862
2253732
2690316
2441392
1162540
123010
2164383
2717526
1867003
2125717
2380242
399288
275651
2240408
2645120
1428715
2225517
2359599
2802454
2498330
558490
979528
841541
1659942
72483
1689776
2839151
2061976
735730
1072091
1217920
1333592
325823
908237
1291337
2004715
1547599
972072
1722241
414602
97789
1618836
1330242
889792
859244
975362
2318507
601113
334961
2120961
99444
1409803
616841
1457337
69745
689325
147113
425248
267653
1399195
1497339
1485573
2732787
1823163
2910162
1024124
1344230
1974113
2512548
66472
2388715
2610337
2201660
1235309
500129
60904
2210672
334988
1178369
61985
2972301
1794165
1471789
589143
251502
2057886
1278468
914967
2483135
1546121
2314162
1496826
548046
2563302
836341
974561
1103778
2180572
2948674
616327
2247044
2853742
743016
1965056
1089051
1759498
2025960
299723
2094486
720681
878061
2066788
2514847
2349850
2655931
2766349
1924088
1450751
1197669
1923575
513224
511831
420402
1577622
591485
1256743
2552183
1695264
437315
17210
2827943
200711
2870952
570959
2165767
960003
2330457
1708079
1259727
1941296
2428761
2137788
1008084
1943608
2003990
1180367
2226309
1444430
147470
940330
368006
1177046
1452162
788408
2754668
2559999
2045151
2823204
1771615
2998819
2840414
1599558
199530
2711366
2686870
2365298
671369
2017327
1073377
2447448
1474975
1018490
2101588
2999411
478450
1621930
1179778
2704760
66361
1843600
645090
950719
536998
2613604
1739127
808019
2689956
1300630
631223
1461571
1299449
987989
61130
2015332
1215707
2748000
1896982
2403428
2281679
2970359
1850877
756655
1505202
1468817
756066
1983652
607100
2452197
2204764
1189813
1812149
366207
2140532
2349148
496163
879659
157167
186119
2696641
1304742
1647691
1512443
2809083
2225173
527775
1024790
1973173
2424757
428218
1771204
2911468
2795447
44211
1416670
1780617
1316630
916675
2387717
768827
121439
577530
97328
487646
2718062
2962828
1500162
1114073
636347
1686281
1327066
2457441
333972
2839509
2266524
2559145
883636
291314
2048670
308393
1235885
819875
736214
1547684
1380438
2669236
328301
2697068
585911
232370
982247
1223703
809900
1079576
2227701
1044314
1558756
727863
2674739
2195104
2414145
1518158
1652545
264469
1357667
919070
2823615
2757656
1726736
1872285
66049
478973
208512
1318615
2026658
2105303
987852
2354959
1802371
2090115
2587330
2784619
313818
913582
1380547
2541520
2474249
2939303
785735
2665340
2650759
199880
1183498
1303305
464350
57518
2738727
804317
2815174
1465463
192954
397575
1944437
917819
1716191
1487447
23122
220395
842406
1825493
2310510
946088
2126464
2624329
2376023
507011
2682201
1850272
962667
467936
1515612
613426
1184169
2699111
2433083
2164871
2756629
2171810
2969188
2571803
1153626
162142
2969378
614415
1079961
2201921
2101862
1103083
2422316
460620
444929
2249179
1406709
2571393
1873508
782732
594757
2072061
149356
1557424
56349
1664968
2170850
1756870
1880431
1603934
921741
2153412
1292096
1407281
1725215
2445722
2085776
2210946
576489
165737
1929219
2678351
1785173
1867888
138972
2746454
1117067
2062033
2317847
2990575
361117
2912604
2578988
510473
1986380
151689
2175441
1673583
1908560
1572225
793869
2830301
725637
2085965
1753935
2450853
2048040
839711
2178151
2624529
1521800
1623722
2819233
306973
491610
474557
569779
1608677
2536590
2887627
2115604
2897707
316583
1694592
408180
2302964
1846282
99973
1492899
1271194
1672198
2286768
1101495
2397836
1372733
371782
2365041
420773
1211493
2059544
561655
2733294
683266
380888
556619
1691229
855445
1126399
299906
908387
1530378
2415511
806094
2363313
1626455
1730626
2182629
472737
2346951
675528
1743931
1535502
2962296
361779
933338
1335030
733561
814731
2272155
1945055
390627
2833810
2194701
1073893
731050
2751320
2765122
2102847
1394071
581381
11234
2924449
2996892
1333680
2287763
1623347
580658
1470392
2612437
2927610
2145921
1872720
1463112
2108217
2234499
2912802
959599
484413
727533
748107
2945820
1118160
1098269
2140521
2708405
1829320
2408193
2989880
932167
802265
571261
943402
1243066
568153
2793434
530829
2707852
374093
2517574
2320289
301703
2179847
1193010
1764815
1804416
943861
2193969
280368
1428274
2921502
1028475
1890446
1556014
2126744
1547319
1780771
956064
955513
1770651
2404584
2274130
2858264
864338
517196
426417
657772
1564378
650622
1031865
1598304
2970911
1849920
778151
1680273
1131087
98919
2624135
325056
379287
1568761
762910
1407762
459208
2318924
534507
2006527
1099696
2006923
478392
386699
1927859
2752522
244964
2792197
269719
1187733
449970
2350449
1838355
1998187
948753
2325619
848108
1726904
1005892
1979195
1825823
1146379
2820604
2721463
2715141
583514
1129225
690701
418791
2180084
213580
2034839
1703360
691973
2421538
631219
960847
2666502
423417
1746918
1370588
1389739
1097367
208943
904278
2046120
50914
1752386
1289376
1056807
1247934
631552
2719538
1068538
869367
2434679
2168404
1998592
641732
2587195
1695029
855313
1622034
398389
2063638
1043573
1029608
540837
1226427
1969377
2287756
2597015
875468
901475
322311
1779747
463948
373225
532133
1753324
1946384
2296419
2901228
1665923
881309
770595
1616954
49714
285540
2258687
2636909
1980569
630352
1258944
2895310
210342
2818869
1441270
751179
1561648
410648
555287
1675016
1286116
1456763
1997327
65863
1920711
2886904
1114349
1190387
1833289
927120
1607968
499212
1808430
2378563
2632518
1858144
180455
1891205
1495053
2677376
37909
270349
2572686
764603
605570
1013957
2032135
2167219
1940957
2587422
842235
743425
1560537
355914
1325641
481248
242818
2439990
2187988
2592459
367110
795956
91671
2175540
690871
240542
1550036
871327
2131747
561442
548703
2686009
831791
637742
966964
1953714
1651699
2999099
1637285
1109008
102874
2995872
1852433
1663411
351786
178074
2144660
1110956
134416
1849000
703416
501527
2644956
1311439
193419
335827
1551981
1743456
1723506
1200081
2304898
2272210
1402442
653041
426304
2369406
123107
2594355
2368506
1760392
703363
2471380
1756264
2555796
1651143
2624402
2733871
1312155
1251711
2868287
161155
2471479
886166
2806111
782918
1595938
658291
2851252
339394
2381797
1567685
160644
2170359
2970127
1330037
2596663
2855885
1453145
2191018
2740743
729889
410733
2728475
2486154
2966530
1379619
2626908
216753
2691774
878619
601392
2852930
350098
2003911
175393
1649369
599849
1350036
2016973
1455595
731834
584658
1616239
418545
1071137
462628
15209
927022
1915773
2722579
667766
2645663
133313
912593
2648169
616195
2292212
2791429
1349300
2500339
1186401
1950692
2869621
2052851
954603
45014
702220
2070804
1395051
235545
526399
2643237
820203
2658990
61782
1891340
121619
593343
334715
2553744
832275
1518833
2715759
1481940
2431426
2880280
2098135
1723639
2671710
447435
1223978
858111
2914479
1609951
427314
1385435
1654965
1129535
456239
566368
1881432
982639
209605
2701636
1157981
787740
2109328
1279600
1381083
2960395
1349697
2729710
1479228
1581808
1211650
910655
1462089
309785
150646
1133799
1273572
1890976
2508262
1704404
500927
2935576
89839
2672244
1581463
1062430
754965
979248
2045069
964570
680884
719403
2268662
306564
2515355
649746
266960
865052
895808
2262540
2446861
2107459
689547
1425302
2933596
840193
2559101
1723521
247521
2583715
427925
1264800
35643
1034116
1453397
2133459
2096546
2208362
112707
1141616
172932
1309943
1861019
2957947
2132859
1376374
1124045
2916171
2757779
2019853
2178712
2720992
1127312
2868259
1146294
1060909
1224805
1221747
2784430
1988678
1321814
728707
769831
1357457
1762823
2223228
1007268
859369
1431590
1636327
2000985
1604522
2946270
1378356
1562469
2079130
271083
2686514
2511653
545214
2222720
1690365
266206
350032
2074977
1928852
1410941
816134
150599
1711723
2804812
1472413
2440430
574643
346222
1203253
2797871
1353491
2062623
1745813
506170
1579960
350336
452441
474669
2429157
47923
1262104
2632024
2559576
2323670
1854744
1766294
2589876
2721128
1357623
2035080
1648422
2173757
2185679
360145
2494921
1174444
316928
585917
1520666
2036533
900140
390509
1099156
2645954
896680
195469
512642
1865473
1186490
458151
2429748
2448594
606527
2505676
1772264
2977623
1788322
1878492
2698752
145945
913572
1347174
2836054
615603
2223671
2330976
1790047
2540599
433245
827065
1577133
1849737
1217575
192641
1495691
2630607
388110
2524685
1496080
2090952
499189
1442180
2055898
1105716
947856
1344514
1083340
2736179
739358
1298444
398476
